# Time in Gyr = 0.020
#        num          x          y           z          vx           vy           vz
      0.000       6.691       4.400       0.000    -122.854     188.187       0.000
      1.000       5.969       4.717       0.019    -126.106     175.482      -3.625
      2.000       6.874       4.242       0.283    -117.151     192.216     -22.218
      3.000       5.960       4.233       0.073    -130.904     183.362     -12.765
      4.000       7.121       4.416      -0.268    -112.647     191.831      19.111
      5.000       6.160       4.665       0.083    -124.238     178.834     -11.798
      6.000       6.762       4.244       0.024    -121.505     190.982      -3.178
      7.000       6.517       4.103      -0.114    -125.601     191.098      13.423
      8.000       6.718       4.148       0.086    -123.645     192.237     -10.516
      9.000       5.889       4.758      -0.268    -124.902     174.803      29.139
     10.000       5.975       3.951      -0.192    -132.889     188.766      24.930
     11.000       7.684       4.024       0.966    -104.567     202.189     -39.362
     12.000       6.601       4.207      -0.110    -122.860     190.238      12.728
     13.000       6.369       4.070      -0.044    -128.304     190.093       7.226
     14.000       6.937       4.359      -0.199    -117.532     191.187      16.981
     15.000       7.071       4.461       0.114    -113.657     190.559     -10.284
     16.000       6.350       4.286       0.342    -123.785     187.385     -30.175
     17.000       6.936       4.633      -0.046    -115.284     187.226       4.947
     18.000       7.175       4.930       0.022    -109.925     185.747      -2.024
     19.000       6.523       3.795       0.005    -127.634     195.726      -0.656
     20.000       6.167       4.772      -0.498    -118.776     179.061      38.191
     21.000       6.384       4.477      -0.082    -123.817     184.194      10.629
     22.000       7.144       4.415       0.325    -112.172     192.179     -21.561
     23.000       6.728       3.630       0.132    -127.362     200.442     -14.529
     24.000       6.897       3.787      -0.536    -118.202     199.759      34.360
     25.000       8.181       4.698       0.098    -100.586     196.162      -5.989
     26.000       6.298       4.200      -0.179    -126.019     187.501      20.647
     27.000       7.568       4.453       0.146    -109.482     194.601     -10.625
     28.000       6.652       4.130      -0.302    -121.402     192.433      25.055
     29.000       7.004       4.618       0.294    -113.727     188.479     -21.102
     30.000       5.512       4.462       0.043    -137.371     173.684     -11.244
     31.000       6.760       3.736       0.039    -125.436     198.695      -5.557
     32.000       7.553       3.850       0.372    -112.012     202.479     -21.866
     33.000       6.918       4.046      -0.669    -114.185     196.465      38.000
     34.000       6.562       4.445      -0.246    -120.412     186.875      22.089
     35.000       7.459       4.386      -0.054    -110.028     194.437       4.695
     36.000       6.129       4.424      -0.145    -127.089     182.174      18.537
     37.000       7.219       4.375      -0.028    -114.491     192.904       3.103
     38.000       6.339       4.305      -0.056    -127.167     186.147       8.512
     39.000       6.323       4.453       0.032    -126.399     183.661      -5.031
     40.000       6.223       4.127      -0.263    -127.449     188.541      27.427
     41.000       7.533       4.444       0.132    -109.491     194.495     -10.238
     42.000       7.689       4.167       0.371    -109.090     199.308     -20.771
     43.000       6.388       4.295       0.200    -125.820     187.109     -21.522
     44.000       6.286       3.845       0.142    -130.291     193.043     -18.517
     45.000       5.993       4.394       0.091    -129.795     181.055     -14.573
     46.000       5.701       4.300       0.179    -132.448     179.294     -25.693
     47.000       5.395       4.868       0.158    -129.825     165.979     -25.760
     48.000       6.482       4.212      -0.032    -125.311     188.881       4.538
     49.000       7.056       4.758      -0.069    -112.534     186.750       6.868
     50.000       6.831       4.511      -0.251    -116.261     188.194      20.249
     51.000       6.261       3.841      -0.137    -130.293     192.902      17.993
     52.000       6.322       4.141      -0.121    -127.254     188.585      14.806
     53.000       6.942       4.128       0.290    -117.789     194.671     -22.086
     54.000       6.411       5.121      -0.210    -114.590     176.198      19.541
     55.000       6.981       4.999      -0.296    -109.636     183.615      20.433
     56.000       7.213       3.936      -0.475    -112.639     199.465      28.013
     57.000       6.422       4.697      -0.013    -120.858     181.202       2.228
     58.000       6.509       4.484      -0.180    -120.754     185.436      18.545
     59.000       7.281       4.637       0.080    -111.163     190.353      -7.003
     60.000       6.986       4.243       0.229    -117.993     193.287     -18.573
     61.000       7.292       4.456       0.265    -112.935     192.851     -18.514
     62.000       5.952       4.377      -0.109    -129.640     180.967      16.473
     63.000       6.414       4.693      -0.012    -120.934     181.040       1.663
     64.000       7.251       4.786       0.813    -104.714     190.413     -37.235
     65.000       6.903       4.798       0.417    -111.399     185.778     -26.881
     66.000       6.924       4.689       0.175    -114.217     186.611     -15.135
     67.000       7.115       4.686       0.278    -111.519     188.427     -19.264
     68.000       6.142       4.002       0.062    -132.656     189.301     -10.798
     69.000       6.703       4.728      -0.568    -111.759     185.538      34.660
     70.000       5.883       4.693       0.170    -126.469     175.306     -22.216
     71.000       6.007       4.851      -0.013    -125.372     174.009       2.317
     72.000       6.080       3.975       0.269    -129.912     189.445     -29.223
     73.000       6.733       4.529      -0.608    -112.273     188.237      36.102
     74.000       7.740       4.700       0.189    -104.122     193.259     -11.760
     75.000       6.956       3.956      -0.406    -117.182     197.312      27.650
     76.000       7.839       4.165       0.233    -105.843     199.664     -13.930
     77.000       7.233       3.889      -0.109    -118.226     199.674      10.405
     78.000       6.522       4.436      -0.395    -118.576     187.216      30.103
     79.000       6.672       4.178      -0.417    -119.976     192.223      30.957
     80.000       6.515       4.938      -0.033    -117.324     179.194       4.396
     81.000       6.110       4.131      -0.002    -132.289     186.575       0.656
     82.000       6.958       3.740       0.153    -122.563     200.212     -15.106
     83.000       6.012       4.800      -0.117    -124.783     175.040      16.688
     84.000       6.585       3.909       0.034    -127.077     194.600      -5.589
     85.000       6.220       4.161      -0.345    -126.108     187.980      32.245
     86.000       5.953       4.168      -0.316    -130.075     185.365      33.385
     87.000       6.605       4.088       0.071    -123.908     191.820      -9.397
     88.000       6.397       4.574      -0.014    -123.644     182.644       2.387
     89.000       6.258       4.374      -0.380    -122.637     185.254      32.751
     90.000       6.255       5.047      -0.161    -119.409     174.787      17.349
     91.000       7.301       4.470      -0.441    -111.395     193.335      26.050
     92.000       6.976       4.042      -0.266    -118.197     196.022      21.108
     93.000       7.071       4.830      -0.407    -109.771     186.950      24.881
     94.000       6.964       4.340       0.395    -115.946     192.264     -27.114
     95.000       6.323       4.691       0.102    -122.097     180.143     -13.008
     96.000       7.565       4.541       0.023    -109.663     193.521      -2.157
     97.000       6.616       4.899      -0.104    -117.434     180.886      11.918
     98.000       6.934       4.762       0.046    -114.812     185.351      -4.952
     99.000       6.915       4.628       0.834    -107.973     189.464     -42.064
