# Time in Gyr = 0.530
#        num          x          y           z          vx           vy           vz
      0.000      -6.001       5.324       0.000    -149.724    -167.155       0.000
      1.000      -4.184      -5.652      -0.054     196.075    -127.715      -1.666
      2.000      -3.831       7.115       0.134    -198.686    -105.508     -25.910
      3.000      -4.259      -5.907      -0.015     183.156    -132.709     -13.566
      4.000      -1.155       8.244      -0.312    -222.344     -26.466      17.363
      5.000      -6.872      -3.065       0.198     103.154    -198.703      -6.081
      6.000      -6.019       5.234       0.031    -148.888    -170.776       2.972
      7.000      -7.319       2.333      -0.020     -72.738    -217.427     -15.003
      8.000      -5.939       5.158      -0.069    -150.197    -173.485      10.960
      9.000      -5.240      -4.854       0.099     166.030    -156.015     -34.470
     10.000      -5.780      -4.712      -0.273     132.184    -178.317     -21.532
     11.000       9.579       0.970       0.380     -28.085     203.231     -51.582
     12.000      -7.088       3.330       0.032     -97.843    -204.166     -14.133
     13.000      -7.550      -0.345      -0.119       4.461    -229.202       2.616
     14.000      -3.332       7.485       0.173    -205.524     -90.265      17.890
     15.000      -3.147       7.717      -0.229    -208.101     -78.915      -0.730
     16.000      -7.589       1.524      -0.432     -45.578    -217.513     -26.810
     17.000      -4.946       6.758       0.027    -180.800    -123.477      -5.186
     18.000      -1.759       8.302      -0.043    -219.806     -28.442       1.093
     19.000      -7.225       1.856       0.011     -65.185    -227.008       0.018
     20.000      -7.906       0.035      -0.020       8.899    -211.273      46.630
     21.000      -7.806       0.413      -0.184      -8.338    -221.187      -4.822
     22.000       0.076       8.317       0.552    -224.590       5.161      -2.731
     23.000      -4.236       6.242      -0.273    -192.123    -144.406       2.499
     24.000      -0.039       8.019      -0.368    -227.554     -18.588     -38.579
     25.000       9.334      -0.193       0.111      -5.334     222.699       5.537
     26.000      -7.556      -0.959       0.056      25.274    -223.120     -22.850
     27.000       5.197       7.009       0.210    -181.608     132.255      -7.640
     28.000      -5.915       5.125       0.118    -150.027    -171.097      29.413
     29.000      -2.589       7.922       0.345    -213.273     -60.045     -19.159
     30.000       2.292      -6.405      -0.102     219.212      72.730       9.653
     31.000      -4.679       6.031       0.003    -182.364    -152.125       6.081
     32.000       7.043       6.003      -0.098    -147.646     152.520      26.444
     33.000       0.204       8.096       0.226    -224.974      -0.345     -49.333
     34.000      -6.970       3.918       0.441    -109.376    -191.283      11.501
     35.000       3.007       8.043       0.065    -210.907      78.888       4.343
     36.000      -6.824      -3.087      -0.281      97.099    -202.079     -12.097
     37.000      -0.613       8.396       0.063    -224.376     -15.702      -0.944
     38.000      -7.541      -1.374      -0.142      39.557    -221.877       3.611
     39.000      -7.568      -1.443       0.063      45.053    -219.190      -3.983
     40.000      -7.501      -0.928       0.534      20.359    -224.061      -9.634
     41.000       4.710       7.278       0.153    -189.643     121.208      -9.639
     42.000       8.009       4.592      -0.325    -113.557     183.056      22.169
     43.000      -7.651       1.122      -0.363     -35.775    -221.675      13.226
     44.000      -7.380      -0.928       0.124      15.950    -230.327      18.842
     45.000      -4.877      -5.413       0.128     170.880    -149.650     -13.524
     46.000      -1.295      -6.885       0.417     223.333     -42.334     -11.545
     47.000       3.498      -5.389      -0.179     209.372     114.127     -27.661
     48.000      -7.633       1.205      -0.082     -37.213    -223.755       0.403
     49.000      -3.319       7.773       0.132    -206.383     -74.877      -3.646
     50.000      -4.846       6.647       0.145    -180.710    -125.578      23.026
     51.000      -7.265      -1.700      -0.208      39.067    -226.107     -15.108
     52.000      -7.570      -0.251      -0.175       3.850    -227.015     -12.705
     53.000      -2.657       7.639       0.291    -213.746     -77.226     -22.047
     54.000      -8.221       1.454       0.374     -23.922    -204.545     -12.794
     55.000      -3.642       7.728      -0.255    -201.716     -74.427      21.959
     56.000       2.759       8.018      -0.154    -214.277      59.475     -34.892
     57.000      -7.967       0.283      -0.034       0.877    -217.284       1.402
     58.000      -7.758       1.850       0.279     -50.246    -213.356     -14.575
     59.000       0.522       8.419      -0.130    -224.468      22.034      -4.665
     60.000      -2.449       7.814       0.039    -215.096     -69.672     -22.300
     61.000       2.258       8.181       0.465    -216.993      59.351      -1.553
     62.000      -4.506      -5.662      -0.198     179.897    -139.115      13.266
     63.000      -7.947       0.127      -0.026       5.656    -217.545       1.036
     64.000       4.478       6.913      -1.202    -189.331     128.110      -3.360
     65.000      -3.190       7.719       0.725    -206.312     -70.221      -1.897
     66.000      -4.624       7.003      -0.307    -186.544    -112.903      -8.827
     67.000      -1.202       8.291       0.367    -221.742     -20.670     -15.335
     68.000      -6.639      -3.439       0.121      94.358    -206.235      -8.444
     69.000      -4.968       6.634      -0.938    -176.843    -120.458     -13.138
     70.000      -4.338      -5.528       0.405     190.271    -132.114       3.677
     71.000      -5.371      -4.762       0.025     167.209    -159.727       1.874
     72.000      -6.567      -3.642      -0.330      97.370    -199.974      25.976
     73.000      -4.109       7.047      -0.823    -191.443    -104.045     -27.063
     74.000       6.818       5.329       0.294    -142.565     179.702       4.667
     75.000      -1.045       7.982      -0.676    -224.856     -39.280      -6.376
     76.000       8.450       3.737       0.154     -93.524     196.048      15.903
     77.000       1.724       8.367       0.095    -221.554      29.196      10.272
     78.000      -6.667       4.428      -0.238    -124.917    -179.205      34.130
     79.000      -4.990       6.070      -0.637    -177.431    -141.601      18.917
     80.000      -8.090       1.900      -0.088     -40.843    -206.378      -0.379
     81.000      -6.383      -3.827       0.009     111.115    -197.615       0.555
     82.000      -1.268       7.930      -0.172    -224.642     -54.388     -13.755
     83.000      -5.768      -4.388      -0.302     152.098    -170.499       4.454
     84.000      -6.714       3.487       0.080    -110.021    -207.816       3.372
     85.000      -7.571      -0.332       0.608       5.367    -223.447      18.272
     86.000      -6.210      -4.111       0.580     116.993    -187.659     -19.269
     87.000      -7.009       3.264       0.084     -98.234    -207.302       9.215
     88.000      -7.861      -0.104      -0.035       8.678    -220.440       1.651
     89.000      -7.734       0.006       0.515       1.616    -219.210      27.145
     90.000      -7.845      -1.122      -0.097      50.403    -208.944     -18.947
     91.000       3.641       7.713      -0.033    -203.488      93.365     -34.139
     92.000      -1.577       7.955      -0.286    -221.879     -50.730      20.277
     93.000      -0.986       8.288      -0.652    -221.984     -12.286     -10.055
     94.000      -1.885       7.953       0.692    -219.339     -51.559       2.401
     95.000      -7.776      -0.861       0.228      34.821    -216.185       6.277
     96.000       4.904       7.150      -0.016    -186.638     127.722      -2.254
     97.000      -7.396       3.981       0.057    -101.123    -185.185     -12.721
     98.000      -5.190       6.684      -0.026    -176.350    -125.904       5.313
     99.000       0.252       8.142      -0.943    -221.565      20.947      37.397
