# Time in Gyr = 0.730
#        num          x          y           z          vx           vy           vz
      0.000      -1.529       7.910       0.000    -219.553     -41.815       0.000
      1.000      -3.259      -6.446      -0.061     195.224    -117.857       0.361
      2.000       2.032       7.910       0.173    -214.772      58.710      25.119
      3.000      -4.366      -5.878       0.015     180.463    -134.381     -13.673
      4.000       5.795       6.151       0.150    -157.130     154.794     -22.263
      5.000      -6.762      -2.342       0.212      72.701    -223.512      -1.440
      6.000      -1.976       7.805      -0.032    -218.366     -51.797       2.815
      7.000      -5.668       5.554       0.249    -160.451    -153.431      -5.003
      8.000      -2.075       7.735      -0.204    -219.604     -51.324      -2.199
      9.000      -4.632      -5.348       0.563     162.812    -162.512      -8.929
     10.000      -6.677      -3.602       0.270     109.535    -188.538     -21.408
     11.000       1.501      -9.390      -1.288     202.886      46.269     -23.655
     12.000      -4.633       6.458       0.252    -183.246    -127.179      -1.344
     13.000      -7.510       2.360      -0.127     -70.510    -208.457      -1.992
     14.000       2.896       7.740      -0.377    -207.456      80.665      -5.214
     15.000       3.610       7.651       0.096    -197.195      95.632     -10.830
     16.000      -6.179       4.771       0.685    -134.424    -174.479       1.183
     17.000       1.150       8.374       0.101    -215.138      26.821       0.878
     18.000       5.963       6.549      -0.012    -150.320     149.327      -2.442
     19.000      -6.340       4.927       0.010    -146.375    -164.032       0.447
     20.000      -6.865       2.317      -0.592     -62.080    -222.284     -35.073
     21.000      -6.954       3.072      -0.058     -87.940    -209.884     -11.284
     22.000       6.879       4.862      -0.549    -123.726     184.207       5.375
     23.000      -0.473       7.708      -0.031    -235.261       5.617     -16.166
     24.000       5.676       5.381       0.160    -159.433     170.428      43.776
     25.000       0.219      -9.321      -0.082     222.581      14.995      -6.535
     26.000      -7.567       1.433       0.410     -41.706    -218.101      -1.580
     27.000       8.457      -2.090      -0.148      54.470     218.299      10.652
     28.000      -2.063       7.746      -0.479    -216.382     -50.761     -16.144
     29.000       4.424       7.295      -0.178    -182.547     116.036      24.020
     30.000       4.372      -5.589       0.029     172.862     138.356      11.489
     31.000      -0.798       7.748      -0.090    -233.024      -7.842       2.677
     32.000       7.636      -4.825       0.433     102.447     192.034     -19.438
     33.000       6.375       4.866      -0.737    -132.394     184.617      34.798
     34.000      -3.579       7.128      -0.435    -196.272    -101.476      12.071
     35.000       8.532       1.147      -0.105     -27.419     222.864      -0.072
     36.000      -7.091      -1.991      -0.009      60.481    -219.794     -20.813
     37.000       6.337       5.605       0.003    -146.313     169.337       3.444
     38.000      -7.655       0.835      -0.154     -24.654    -222.946      -1.149
     39.000      -7.534       0.693       0.083     -19.854    -226.943      -2.344
     40.000      -7.600       1.746       0.056     -49.126    -212.318      30.503
     41.000       8.577      -1.275      -0.057      34.409     222.421      12.009
     42.000       6.212      -6.681       0.590     153.227     155.150      -7.372
     43.000      -6.473       4.419      -0.195    -125.336    -182.684     -21.383
     44.000      -7.778       1.942      -0.287     -58.752    -205.741      11.003
     45.000      -4.785      -5.525       0.172     168.355    -151.471     -11.363
     46.000       0.047      -7.118       0.464     223.696      -0.446       1.316
     47.000       5.514      -4.813      -0.120     128.970     164.416     -26.547
     48.000      -6.566       4.298      -0.069    -124.561    -185.408      -2.746
     49.000       3.912       7.746       0.044    -189.588      98.252       7.383
     50.000       1.013       8.242      -0.412    -216.489      25.197     -11.879
     51.000      -7.951       0.933       0.169     -29.085    -211.542     -15.899
     52.000      -7.387       2.420       0.109     -71.596    -209.314     -14.778
     53.000       3.521       7.310      -0.056    -201.876     102.854      26.828
     54.000      -5.924       4.335       0.212    -117.576    -203.633      20.278
     55.000       3.886       7.958       0.076    -184.922      92.135     -24.806
     56.000       8.060       1.772      -0.168     -54.934     221.401      35.699
     57.000      -6.900       2.782      -0.041     -78.176    -219.260       0.412
     58.000      -5.951       5.020       0.267    -139.616    -176.016      15.138
     59.000       7.486       4.304       0.147    -102.395     195.096      -3.196
     60.000       3.917       7.212       0.238    -196.769     110.345      18.475
     61.000       8.191       2.318      -0.457     -58.266     216.633       4.175
     62.000      -4.258      -5.897      -0.252     180.564    -136.268       9.015
     63.000      -6.984       2.476      -0.029     -69.701    -222.699       0.381
     64.000       8.378      -1.218       0.508      41.672     218.656      48.489
     65.000       4.141       7.555      -0.744    -183.384     104.114       2.050
     66.000       1.696       8.342       0.322    -210.851      41.030      -7.557
     67.000       6.138       6.063      -0.261    -146.101     159.203      19.800
     68.000      -7.628      -1.615       0.182      46.155    -212.259      -3.404
     69.000       1.394       8.307       0.887    -208.412      29.244      18.366
     70.000      -3.507      -6.251       0.323     190.495    -123.698      15.962
     71.000      -4.654      -5.367       0.037     164.238    -166.015       1.011
     72.000      -7.482      -1.825      -0.470      57.283    -208.911     -18.938
     73.000       2.134       8.071       0.688    -206.137      52.825      33.303
     74.000       7.147      -4.894      -0.294     131.877     187.391      -4.903
     75.000       4.992       6.199       0.680    -177.625     147.146       4.456
     76.000       5.261      -7.535      -0.004     175.071     130.629     -17.568
     77.000       7.686       2.950      -0.207     -93.088     211.944      -3.582
     78.000      -2.775       7.525      -0.111    -203.172     -78.918     -36.074
     79.000      -0.135       8.054       0.513    -221.547       5.678     -26.322
     80.000      -5.813       4.885      -0.056    -132.764    -188.994      -3.590
     81.000      -7.220      -2.473       0.009      72.535    -208.728       0.634
     82.000       4.454       6.358       0.307    -194.609     137.589      -0.056
     83.000      -5.337      -4.625      -0.301     142.349    -185.989      -3.412
     84.000      -4.564       6.512       0.006    -191.443    -116.516       5.737
     85.000      -7.351       2.478      -0.647     -70.995    -206.475      14.978
     86.000      -6.934      -2.767       0.265      87.043    -202.624      34.423
     87.000      -4.789       6.333      -0.103    -182.463    -129.028       8.373
     88.000      -7.133       2.442      -0.042     -69.576    -219.240       0.588
     89.000      -7.061       2.816      -0.741     -79.272    -208.605       2.745
     90.000      -6.990       0.413       0.234      -8.599    -242.078     -15.453
     91.000       8.513       0.333      -0.324      -5.691     224.114      29.923
     92.000       4.747       6.489       0.073    -183.397     137.823     -25.111
     93.000       6.395       5.888       0.654    -137.683     162.798      11.746
     94.000       4.739       6.763      -0.698    -179.853     131.964      -1.152
     95.000      -7.226       1.126       0.071     -30.636    -232.030      14.421
     96.000       8.537      -1.620       0.043      44.733     221.153       0.930
     97.000      -3.425       7.287       0.246    -191.961    -108.967       1.591
     98.000       0.999       8.475      -0.105    -213.745      20.479      -0.697
     99.000       7.058       4.578       1.329    -108.085     186.199       3.821
