# Time in Gyr = 0.570
#        num          x          y           z          vx           vy           vz
      0.000      -7.445      -3.085       0.000      85.153    -206.524       0.000
      1.000       4.793      -5.127       0.040     180.182     149.981       3.039
      2.000      -8.180      -0.364      -0.519       5.477    -221.974       4.661
      3.000       4.329      -5.894      -0.121     182.020     132.653      11.251
      4.000      -7.952       2.983       0.459     -79.650    -204.471       6.981
      5.000       0.964      -7.075      -0.210     233.329      32.201      -2.152
      6.000      -7.333      -3.371       0.018      90.441    -204.853      -3.277
      7.000      -5.140      -6.059      -0.190     164.327    -148.890       9.944
      8.000      -7.245      -3.512       0.195      90.781    -205.162      -3.797
      9.000       3.571      -5.933      -0.458     206.450     111.648      20.428
     10.000       2.145      -7.343      -0.155     206.557      63.692      24.706
     11.000       4.637       7.681      -1.338    -197.296      98.889     -15.113
     12.000      -5.969      -5.262      -0.217     144.679    -169.492       7.206
     13.000      -2.599      -7.415       0.121     206.216     -78.039       2.855
     14.000      -8.294       0.348       0.231     -12.587    -221.203     -15.840
     15.000      -8.414       0.995       0.105     -25.510    -217.345      10.617
     16.000      -4.575      -6.358      -0.302     177.501    -129.295      31.178
     17.000      -8.365      -0.945      -0.097      29.680    -215.720       1.682
     18.000      -8.331       3.235       0.041     -77.059    -195.157       1.435
     19.000      -4.634      -6.561      -0.009     170.522    -138.627      -0.450
     20.000      -2.802      -6.723       0.828     215.572     -78.714     -19.389
     21.000      -3.230      -6.895       0.067     207.763     -92.113      11.075
     22.000      -7.457       4.107      -0.259    -108.951    -190.548     -23.678
     23.000      -7.504      -2.386       0.232      47.678    -226.166       9.573
     24.000      -7.405       2.745      -0.608     -93.425    -211.914      30.088
     25.000       5.057       7.584       0.077    -189.195     127.107      -6.815
     26.000      -1.933      -7.455      -0.357     214.587     -57.027      11.003
     27.000      -3.520       8.026      -0.232    -206.254     -86.578      -6.049
     28.000      -7.278      -3.450       0.450      87.037    -203.455     -17.494
     29.000      -8.378       1.690      -0.512     -42.795    -211.580      -8.067
     30.000       7.037       0.697       0.160     -17.525     221.476      -5.338
     31.000      -7.464      -2.614       0.065      58.152    -222.332      -4.462
     32.000      -1.286       8.473       0.594    -224.173     -47.401      -2.337
     33.000      -7.254       3.563      -1.069    -107.734    -198.161       2.579
     34.000      -6.584      -4.501       0.006     127.641    -180.319     -26.002
     35.000      -5.529       6.694       0.043    -174.172    -138.804      -4.961
     36.000       0.733      -7.324       0.047     226.887      23.183      20.713
     37.000      -7.790       3.416      -0.050     -91.973    -202.730      -2.258
     38.000      -1.470      -7.558       0.147     220.141     -43.293       2.866
     39.000      -1.350      -7.452      -0.090     224.264     -38.913       0.636
     40.000      -2.139      -7.480      -0.460     209.862     -60.653     -17.927
     41.000      -4.009       7.760      -0.242    -200.374     -98.839      -2.774
     42.000       0.485       8.820       0.560    -225.116       4.111       8.675
     43.000      -4.194      -6.607       0.413     186.928    -119.501       8.587
     44.000      -2.139      -7.707       0.182     204.240     -65.688     -16.165
     45.000       3.846      -6.164      -0.232     194.878     117.961       6.266
     46.000       6.406      -3.003      -0.450      97.773     202.731      -6.517
     47.000       6.933       2.295      -0.118     -53.990     202.494      26.570
     48.000      -4.140      -6.665       0.065     188.323    -120.169       3.018
     49.000      -8.572       1.317      -0.129     -29.465    -211.631      -4.159
     50.000      -8.224      -1.055       0.371      29.486    -216.272     -14.881
     51.000      -1.444      -7.852      -0.079     209.386     -45.067      17.951
     52.000      -2.606      -7.316      -0.044     207.497     -77.361      15.918
     53.000      -8.124       0.808      -0.524     -29.124    -223.323      -3.345
     54.000      -4.423      -5.923      -0.380     201.780    -117.802      -8.633
     55.000      -8.713       1.334       0.542     -25.224    -206.130       4.976
     56.000      -5.841       5.730      -0.657    -163.629    -161.730      17.004
     57.000      -3.121      -6.789       0.040     214.910     -87.035       0.260
     58.000      -4.776      -6.145      -0.382     181.268    -132.846      -3.422
     59.000      -7.276       4.878      -0.017    -125.111    -177.429       8.019
     60.000      -8.181       1.104      -0.401     -35.691    -221.478       8.191
     61.000      -6.210       5.943      -0.208    -156.405    -157.785     -20.128
     62.000       4.193      -5.882       0.289     187.474     129.404      -3.202
     63.000      -2.891      -6.859       0.030     217.886     -80.827       0.210
     64.000      -4.131       7.757       0.105    -195.527     -88.579      52.378
     65.000      -8.514       1.509      -0.228     -33.306    -207.464     -31.595
     66.000      -8.472      -0.489      -0.032      17.693    -214.793      17.681
     67.000      -8.041       3.314      -0.447     -83.506    -197.328     -10.773
     68.000       0.580      -7.774      -0.191     216.763      14.575       0.826
     69.000      -8.378      -0.830      -0.113      27.570    -208.741      44.168
     70.000       4.560      -5.290      -0.292     183.277     143.741     -17.897
     71.000       3.561      -5.950      -0.011     210.314     113.101      -2.457
     72.000       0.677      -7.692       0.602     215.003      20.717       1.186
     73.000      -8.361      -0.109      -0.446       2.415    -212.461      41.177
     74.000      -1.396       8.778      -0.025    -222.196     -24.552     -15.112
     75.000      -7.779       2.149       0.151     -68.515    -217.083      33.917
     76.000       1.476       8.834       0.309    -221.792      31.700     -10.488
     77.000      -6.514       4.855       0.115    -139.925    -188.010     -10.066
     78.000      -6.977      -3.865       0.733     109.383    -189.919      -1.409
     79.000      -7.833      -2.056       0.632      50.095    -214.539      20.500
     80.000      -4.787      -5.915       0.050     191.145    -128.738       3.915
     81.000       1.270      -7.525      -0.002     218.060      35.845      -0.796
     82.000      -7.707       1.494      -0.098     -56.008    -229.226      16.257
     83.000       2.965      -6.281       0.282     218.102      94.737       6.787
     84.000      -5.971      -5.315      -0.022     137.295    -175.694      -5.642
     85.000      -2.722      -7.289       0.031     203.511     -77.227     -37.026
     86.000       1.434      -7.343      -0.630     215.130      46.394     -14.784
     87.000      -5.851      -5.392       0.059     145.925    -168.672      -9.666
     88.000      -2.717      -7.049       0.043     216.275     -77.004       0.049
     89.000      -2.971      -7.042       0.261     205.441     -83.721     -36.331
     90.000      -1.371      -6.923      -0.181     237.970     -35.114      18.285
     91.000      -5.118       6.884      -0.702    -182.323    -127.825       9.392
     92.000      -7.881       1.837       0.485     -58.518    -220.458       3.424
     93.000      -7.999       3.711      -0.058     -91.924    -188.861      31.321
     94.000      -8.121       1.954      -0.191     -56.066    -213.300     -32.218
     95.000      -1.788      -7.121      -0.077     227.909     -49.198     -14.249
     96.000      -3.840       7.918      -0.030    -202.895     -92.255       1.803
     97.000      -6.769      -4.266      -0.234     132.626    -178.217       4.467
     98.000      -8.404      -1.106       0.100      36.166    -213.233      -1.816
     99.000      -7.294       4.522       1.073    -114.685    -176.923      33.062
