# Time in Gyr = 0.010
#        num          x          y           z          vx           vy           vz
      0.000       7.666       2.295       0.000     -64.122     215.570       0.000
      1.000       6.951       2.772       0.050     -67.783     209.222      -2.280
      2.000       7.778       2.160       0.461     -60.648     216.923     -12.305
      3.000       6.968       2.222       0.179     -68.612     214.474      -7.716
      4.000       7.992       2.340      -0.420     -58.397     216.076      10.521
      5.000       7.138       2.657       0.182     -65.430     211.164      -7.001
      6.000       7.718       2.120       0.051     -62.185     217.062      -1.884
      7.000       7.502       1.979      -0.225     -64.172     217.788       7.497
      8.000       7.685       2.034       0.174     -64.185     217.789      -6.159
      9.000       6.883       2.760      -0.510     -65.903     209.484      16.596
     10.000       7.005       1.859      -0.395     -67.879     217.953      13.960
     11.000       8.498       1.840       1.278     -53.437     220.757     -20.797
     12.000       7.551       2.134      -0.214     -63.822     216.710       7.338
     13.000       7.361       1.995      -0.105     -66.753     217.321       4.400
     14.000       7.858       2.256      -0.337     -60.979     216.478       9.456
     15.000       7.947       2.404       0.197     -59.140     215.464      -5.844
     16.000       7.318       2.209       0.586     -64.321     215.670     -16.745
     17.000       7.828       2.612      -0.087     -61.317     213.675       2.937
     18.000       8.031       2.915       0.039     -58.650     212.143      -1.172
     19.000       7.504       1.669       0.010     -64.901     220.239      -0.377
     20.000       7.111       2.741      -0.811     -62.282     210.989      21.183
     21.000       7.343       2.470      -0.169     -65.961     213.454       6.308
     22.000       8.013       2.330       0.497     -58.088     216.244     -11.747
     23.000       7.722       1.426       0.251     -64.243     222.649      -7.967
     24.000       7.815       1.603      -0.810     -59.398     221.392      18.168
     25.000       8.965       2.580       0.146     -52.070     216.728      -3.333
     26.000       7.271       2.149      -0.347     -65.563     215.815      11.825
     27.000       8.425       2.330       0.232     -56.655     216.996      -5.895
     28.000       7.592       2.033      -0.502     -62.807     217.825      13.749
     29.000       7.890       2.570       0.463     -60.300     214.241     -11.845
     30.000       6.604       2.466       0.141     -72.803     210.581      -7.038
     31.000       7.721       1.606       0.085     -64.537     221.240      -3.372
     32.000       8.429       1.637       0.547     -56.250     221.681     -11.474
     33.000       7.796       1.934      -0.967     -58.762     219.039      20.369
     34.000       7.505       2.378      -0.425     -62.750     214.838      12.321
     35.000       8.307       2.299      -0.092     -56.955     216.930       2.705
     36.000       7.114       2.427      -0.296     -67.633     212.926      10.863
     37.000       8.112       2.272      -0.054     -59.417     216.777       1.889
     38.000       7.336       2.240      -0.128     -66.546     215.170       5.097
     39.000       7.322       2.393       0.075     -66.307     213.798      -3.029
     40.000       7.222       2.020      -0.487     -65.147     217.076      15.214
     41.000       8.386       2.332       0.216     -56.646     216.980      -5.806
     42.000       8.542       2.002       0.537     -56.088     219.475     -11.208
     43.000       7.378       2.210       0.377     -65.629     215.575     -12.229
     44.000       7.295       1.722       0.294     -66.253     219.385     -10.507
     45.000       7.009       2.371       0.213     -68.161     213.115      -8.698
     46.000       6.727       2.307       0.389     -69.461     212.792     -14.846
     47.000       6.421       2.969       0.374     -70.289     205.375     -15.542
     48.000       7.467       2.102      -0.070     -64.085     216.608       2.646
     49.000       7.939       2.700      -0.126     -58.841     213.410       4.045
     50.000       7.740       2.440      -0.415     -60.516     214.772      11.257
     51.000       7.266       1.727      -0.284     -66.251     219.354      10.180
     52.000       7.304       2.082      -0.241     -66.273     216.466       8.360
     53.000       7.852       2.021       0.466     -60.880     218.359     -12.085
     54.000       7.310       3.165      -0.370     -61.543     208.145      11.384
     55.000       7.848       2.953      -0.463     -57.418     211.557      11.356
     56.000       8.069       1.824      -0.693     -57.776     220.188      15.075
     57.000       7.371       2.679      -0.032     -63.627     211.753       1.441
     58.000       7.451       2.438      -0.332     -63.066     214.025      10.619
     59.000       8.140       2.594       0.137     -58.973     214.794      -4.063
     60.000       7.909       2.123       0.379     -61.134     217.610     -10.248
     61.000       8.185       2.324       0.416     -58.586     216.658     -10.223
     62.000       6.960       2.368      -0.245     -68.104     213.107       9.698
     63.000       7.363       2.679      -0.026     -63.704     211.610       0.993
     64.000       8.067       2.722       1.109     -55.323     214.598     -20.417
     65.000       7.771       2.773       0.632     -59.116     212.718     -15.066
     66.000       7.809       2.668       0.297     -60.741     213.279      -8.737
     67.000       7.992       2.607       0.434     -58.089     214.190     -10.591
     68.000       7.169       1.925       0.152     -69.064     217.679      -6.525
     69.000       7.578       2.678      -0.846     -58.212     213.276      18.980
     70.000       6.883       2.702       0.355     -66.716     209.867     -12.920
     71.000       6.999       2.890      -0.033     -67.503     208.373       1.434
     72.000       7.075       1.918       0.502     -67.371     217.540     -16.351
     73.000       7.603       2.475      -0.894     -58.245     214.625      19.577
     74.000       8.548       2.612       0.283     -53.992     215.733      -6.463
     75.000       7.854       1.842      -0.624     -60.259     219.652      14.964
     76.000       8.646       2.056       0.342     -54.476     219.058      -7.592
     77.000       8.160       1.694      -0.195     -59.764     220.935       5.849
     78.000       7.445       2.376      -0.636     -61.622     214.994      16.555
     79.000       7.607       2.070      -0.666     -62.045     217.612      16.977
     80.000       7.434       2.959      -0.070     -62.918     209.919       2.716
     81.000       7.141       2.068      -0.008     -69.125     216.160       0.446
     82.000       7.914       1.545       0.277     -61.849     221.876      -8.380
     83.000       6.995       2.837      -0.257     -66.990     208.909      10.108
     84.000       7.577       1.761       0.082     -64.685     219.645      -3.427
     85.000       7.210       2.055      -0.608     -64.398     216.595      17.691
     86.000       6.976       2.078      -0.589     -66.713     216.032      18.355
     87.000       7.557       2.015       0.148     -64.354     217.514      -5.614
     88.000       7.363       2.564      -0.034     -65.992     212.519       1.541
     89.000       7.213       2.326      -0.644     -63.877     214.490      18.218
     90.000       7.206       3.070      -0.305     -64.214     207.984      10.095
     91.000       8.184       2.327      -0.653     -57.678     216.915      14.252
     92.000       7.888       1.925      -0.435     -60.913     219.059      11.663
     93.000       7.938       2.754      -0.609     -57.267     213.440      13.603
     94.000       7.875       2.220       0.615     -60.053     216.988     -14.921
     95.000       7.276       2.704       0.210     -65.219     211.026      -7.771
     96.000       8.428       2.418       0.041     -56.880     216.468      -1.299
     97.000       7.544       2.888      -0.204     -62.849     210.842       7.211
     98.000       7.830       2.741       0.087     -61.256     212.524      -2.968
     99.000       7.750       2.584       1.166     -56.892     214.572     -23.144
