# Time in Gyr = 0.370
#        num          x          y           z          vx           vy           vz
      0.000      -4.012      -6.955       0.000     193.679    -112.984       0.000
      1.000       3.989      -6.045       0.010     179.852     139.241       3.841
      2.000      -5.683      -5.745       0.488     158.864    -159.313       9.474
      3.000       4.263      -5.897      -0.105     183.619     132.353      11.889
      4.000      -7.148      -4.382      -0.371     112.756    -191.559     -14.514
      5.000       1.923      -7.378      -0.216     210.450      67.160       3.294
      6.000      -3.973      -6.920      -0.044     195.901    -113.607      -2.393
      7.000      -1.799      -7.469       0.122     222.023     -56.907      13.252
      8.000      -3.862      -6.853      -0.043     199.292    -113.678     -11.368
      9.000       3.277      -6.576       0.148     190.006     114.193      32.635
     10.000       3.298      -6.559       0.361     206.014      91.705      16.816
     11.000      -7.405       5.379       0.150    -114.279    -183.596     -55.626
     12.000      -2.601      -7.391       0.083     212.876     -76.766      13.468
     13.000       0.076      -7.544       0.124     229.675      -3.030      -1.622
     14.000      -6.018      -5.578      -0.385     150.447    -166.118       2.253
     15.000      -6.346      -5.498       0.155     140.852    -170.181      -8.719
     16.000      -1.260      -7.618       0.656     219.162     -40.389      -8.565
     17.000      -5.359      -6.503       0.020     164.721    -142.041       5.306
     18.000      -7.214      -4.908       0.018     109.161    -185.629      -2.286
     19.000      -1.444      -7.322      -0.012     230.168     -52.535      -0.031
     20.000      -0.302      -7.896      -0.934     211.549       0.401      -9.587
     21.000      -0.496      -7.810       0.189     220.844     -11.106       4.061
     22.000      -7.567      -3.640       0.199      92.915    -202.220      25.277
     23.000      -4.756      -5.784       0.139     189.082    -150.877     -14.212
     24.000      -7.001      -3.553       0.428     110.393    -204.733     -38.203
     25.000      -7.349       5.393      -0.046    -135.051    -183.603       7.468
     26.000       0.436      -7.591       0.134     224.660      10.722      21.745
     27.000      -8.723      -0.075       0.175       0.419    -224.774       9.525
     28.000      -3.885      -6.787      -0.565     196.102    -115.887      -1.569
     29.000      -6.574      -5.278       0.420     132.010    -174.703      15.807
     30.000       6.476      -1.946       0.162      64.907     223.029       4.524
     31.000      -4.593      -6.044      -0.048     191.620    -142.234      -5.393
     32.000      -8.631       1.702      -0.503     -27.307    -221.766      15.573
     33.000      -7.224      -3.422       0.869      96.476    -206.383     -27.708
     34.000      -3.015      -7.414      -0.428     202.953     -85.372      12.464
     35.000      -8.438      -1.726      -0.103      42.300    -220.404       1.440
     36.000       1.901      -7.280       0.304     214.741      60.841      10.193
     37.000      -7.411      -4.038      -0.029     105.548    -197.972       3.110
     38.000       0.735      -7.626       0.151     224.514      20.907      -2.088
     39.000       0.796      -7.680      -0.080     221.862      25.827       2.652
     40.000       0.512      -7.531      -0.231     225.136       8.144      28.046
     41.000      -8.665      -0.536       0.199      11.691    -224.497       7.231
     42.000      -8.504       2.725      -0.569     -59.426    -214.690       8.935
     43.000      -0.948      -7.680       0.106     222.311     -30.328     -23.447
     44.000       0.459      -7.373      -0.219     232.339       3.249     -15.486
     45.000       3.826      -6.251      -0.203     190.594     121.123       9.517
     46.000       5.607      -4.234      -0.451     135.047     181.976       6.071
     47.000       6.155      -1.296      -0.178      41.890     239.399      27.789
     48.000      -1.026      -7.656       0.082     224.607     -31.902      -0.078
     49.000      -6.377      -5.746      -0.050     137.865    -166.362       7.288
     50.000      -5.190      -6.412      -0.481     167.785    -141.318      -0.128
     51.000       1.003      -7.323       0.260     230.622      19.608      11.944
     52.000      -0.035      -7.562       0.216     227.374      -4.307      10.238
     53.000      -6.237      -5.102       0.436     145.273    -175.829      14.260
     54.000      -1.400      -8.266      -0.142     203.578     -24.011      21.334
     55.000      -6.383      -5.917      -0.465     133.905    -162.514     -13.403
     56.000      -8.086      -1.720       0.494      53.740    -221.384     -27.265
     57.000      -0.543      -7.979       0.040     216.470      -7.314      -0.830
     58.000      -1.544      -7.829      -0.054     215.086     -41.451      20.905
     59.000      -7.858      -3.466       0.141      81.192    -206.106      -3.641
     60.000      -6.411      -5.055       0.418     140.406    -178.078       5.165
     61.000      -8.200      -2.318       0.161      59.004    -216.173      21.385
     62.000       4.009      -6.081       0.261     186.260     127.757      -8.488
     63.000      -0.462      -7.966       0.030     216.735      -4.772      -0.594
     64.000      -8.425      -0.836      -1.166      10.588    -222.432     -17.346
     65.000      -6.330      -5.701       0.252     135.566    -164.848      31.708
     66.000      -5.559      -6.379       0.309     158.476    -146.995      -8.135
     67.000      -7.261      -4.477       0.355     107.107    -190.608      16.618
     68.000       2.296      -7.035      -0.155     220.739      61.433       5.993
     69.000      -5.235      -6.575      -0.050     159.955    -137.553     -44.574
     70.000       3.897      -6.078      -0.407     180.780     134.869      -5.235
     71.000       3.163      -6.691       0.006     193.588     113.307      -2.445
     72.000       2.375      -7.037      -0.011     216.174      61.917     -32.966
     73.000      -5.628      -6.045       0.192     151.415    -152.992     -45.883
     74.000      -8.681       1.257       0.027     -40.838    -222.744      15.267
     75.000      -6.903      -4.033      -0.078     119.719    -195.989     -34.831
     76.000      -8.421       3.198      -0.201     -73.157    -210.402      15.015
     77.000      -7.888      -2.492      -0.219      80.916    -215.847       1.666
     78.000      -3.446      -7.209      -0.667     196.370     -96.356     -14.916
     79.000      -4.700      -6.334      -0.480     180.495    -136.241     -28.489
     80.000      -1.734      -8.134       0.087     206.862     -37.203       0.770
     81.000       2.545      -6.943      -0.001     216.072      73.303      -0.724
     82.000      -6.635      -4.179       0.298     134.768    -194.061      -4.085
     83.000       2.910      -6.846       0.314     197.347     103.069      -1.316
     84.000      -2.588      -7.117      -0.088     219.495     -83.664      -2.476
     85.000       0.098      -7.557      -0.607     224.182      -4.110      17.527
     86.000       2.861      -6.848      -0.169     207.058      79.785      36.438
     87.000      -2.558      -7.299      -0.124     215.700     -77.815      -7.453
     88.000      -0.169      -7.874       0.041     220.174       0.320      -1.044
     89.000      -0.209      -7.716      -0.716     219.540      -7.486      10.820
     90.000       0.446      -8.015       0.195     209.976      28.880      16.296
     91.000      -8.402      -1.386       0.512      32.765    -221.905     -23.396
     92.000      -6.737      -4.384      -0.395     128.557    -190.186     -14.173
     93.000      -7.320      -4.494      -0.049     101.697    -190.567     -32.099
     94.000      -6.684      -4.792       0.170     128.718    -183.258      32.828
     95.000       0.296      -7.865      -0.235     216.973      17.352      -5.536
     96.000      -8.716      -0.361       0.047       5.263    -224.804      -0.133
     97.000      -3.070      -7.817       0.062     196.683     -76.373      12.682
     98.000      -5.242      -6.724      -0.025     166.159    -136.411      -5.381
     99.000      -7.459      -3.611      -1.287      83.166    -202.344       9.611
