# Time in Gyr = 0.650
#        num          x          y           z          vx           vy           vz
      0.000       6.984      -3.913       0.000     109.477     196.461       0.000
      1.000       0.034       7.481      -0.034    -219.629     -13.581       3.275
      2.000       4.926      -6.551       0.293     175.328     135.882     -21.831
      3.000       0.107       7.278      -0.208    -226.327       2.750      -4.380
      4.000       1.705      -8.148      -0.431     218.436      49.220       9.903
      5.000       4.247       6.559       0.014    -181.567     115.620     -12.791
      6.000       7.138      -3.772       0.053     101.569     199.472       1.649
      7.000       7.789      -0.240      -0.119      -0.549     226.114     -13.105
      8.000       7.140      -3.874      -0.001      99.442     198.886      11.416
      9.000       1.506       7.431      -0.213    -212.295      30.550     -30.775
     10.000       2.446       6.703      -0.419    -215.696      84.828     -10.363
     11.000      -9.072       0.332       1.388     -22.464    -216.826      13.657
     12.000       7.803      -1.086      -0.075      27.482     223.360     -13.481
     13.000       6.903       3.051      -0.049     -97.772     207.675       7.184
     14.000       4.220      -7.091       0.103     189.838     116.855      19.292
     15.000       3.885      -7.176      -0.226     199.223     109.200       0.146
     16.000       7.576       1.093      -0.358     -33.452     222.156     -29.762
     17.000       5.783      -5.477      -0.012     161.397     163.968      -5.590
     18.000       1.348      -7.841      -0.041     231.157      46.400       1.313
     19.000       7.722      -0.045       0.009     -14.629     228.123      -0.467
     20.000       6.847       3.966      -0.097     -97.051     187.674      46.131
     21.000       7.184       3.017      -0.190     -81.942     206.370       4.008
     22.000       0.121      -8.408       0.496     222.091       8.776      11.912
     23.000       6.002      -6.130      -0.294     137.887     160.856       4.054
     24.000       1.220      -8.774       0.356     203.480      32.884     -37.303
     25.000      -9.480       2.229       0.016     -53.745    -206.554       7.389
     26.000       6.400       4.031      -0.123    -121.292     190.776     -21.964
     27.000      -5.947      -6.723       0.263     164.892    -143.187      -2.544
     28.000       7.003      -3.893      -0.032     101.435     197.948      29.645
     29.000       3.103      -7.476       0.475     209.791      89.123     -10.425
     30.000      -6.204       2.684       0.157     -91.184    -213.762       5.313
     31.000       6.321      -5.589       0.049     130.662     171.064       4.957
     32.000      -6.774      -6.109      -0.503     131.442    -170.890      14.616
     33.000       0.343      -8.588       1.048     211.557      12.789     -16.806
     34.000       7.642      -1.694       0.434      51.552     219.133      11.698
     35.000      -3.316      -8.104       0.057     205.619     -80.417       4.520
     36.000       4.286       6.255      -0.355    -182.852     124.834       1.485
     37.000       1.045      -8.448       0.060     220.390      30.077      -1.358
     38.000       6.174       4.531      -0.035    -133.777     181.611       8.919
     39.000       6.138       4.723      -0.025    -134.671     177.182      -5.223
     40.000       6.457       3.694       0.500    -113.710     198.112     -13.653
     41.000      -5.421      -7.082       0.221     175.361    -130.875      -5.794
     42.000      -8.217      -4.002      -0.611      86.455    -199.787       2.158
     43.000       7.565       1.447      -0.312     -42.801     221.352      16.683
     44.000       6.624       3.130       0.225    -108.483     207.577      14.609
     45.000       0.838       7.350      -0.143    -222.682      21.643     -12.774
     46.000      -3.591       6.075       0.095    -193.058    -116.754     -27.646
     47.000      -6.103       1.316      -0.429     -50.326    -239.445      -0.518
     48.000       7.627       1.392      -0.053     -43.323     221.906       3.718
     49.000       3.688      -7.038       0.115     206.840     107.770      -5.000
     50.000       5.753      -5.526       0.048     158.316     162.507      24.651
     51.000       6.076       3.996      -0.293    -134.444     192.864      -7.906
     52.000       6.870       3.132      -0.266     -97.428     205.915      -4.694
     53.000       3.754      -7.560       0.449     192.815     101.288     -14.307
     54.000       7.594       3.001       0.187     -57.133     203.384     -20.092
     55.000       3.729      -6.741      -0.408     209.620     111.685      15.484
     56.000      -2.256      -8.658       0.464     202.691     -56.445     -27.211
     57.000       7.097       3.608       0.006     -90.482     197.829       2.419
     58.000       7.761       1.233       0.168     -28.411     220.770     -19.066
     59.000      -0.764      -8.363      -0.121     226.145     -13.114      -5.233
     60.000       3.483      -7.695       0.159     198.031      93.979     -20.349
     61.000      -2.409      -8.363       0.416     211.969     -56.690      10.207
     62.000       0.334       7.350       0.092    -223.590       6.039      17.012
     63.000       6.990       3.817       0.005     -96.624     194.468       1.755
     64.000      -5.937      -6.540      -0.126     167.590    -132.494     -51.781
     65.000       3.333      -7.073       0.573     209.391     100.600      19.321
     66.000       5.411      -5.788      -0.291     171.212     154.747      -9.431
     67.000       1.146      -8.064       0.474     225.714      37.512      -4.698
     68.000       4.357       5.802      -0.037    -186.784     140.016     -11.295
     69.000       5.585      -5.345      -0.508     161.518     162.668     -38.688
     70.000       0.129       7.429       0.337    -218.888      -8.499     -15.114
     71.000       1.737       7.512       0.035    -211.833      36.266      -1.266
     72.000       4.022       6.012      -0.189    -189.065     132.070      31.354
     73.000       4.850      -6.193      -0.145     177.551     139.589     -48.227
     74.000      -8.153      -4.368       0.174     107.897    -185.605      12.201
     75.000       2.132      -8.375      -0.501     204.135      59.103     -22.822
     76.000      -8.781      -2.595      -0.143      54.919    -212.246      16.218
     77.000      -0.756      -8.989       0.096     209.912     -22.554      10.123
     78.000       7.385      -2.432      -0.441      75.398     211.855      28.374
     79.000       6.010      -5.351      -0.762     141.660     170.591       0.950
     80.000       7.732       2.306      -0.049     -44.673     212.633       3.891
     81.000       3.740       6.289       0.012    -198.090     117.838      -0.365
     82.000       2.832      -8.438      -0.177     195.429      71.033     -13.236
     83.000       2.344       7.361      -0.129    -206.431      56.055      16.762
     84.000       7.679      -2.046       0.101      43.613     220.005       0.225
     85.000       6.767       3.142       0.582     -97.530     204.992      19.738
     86.000       3.201       6.556       0.477    -200.193     104.171     -26.239
     87.000       7.783      -1.261       0.153      28.892     223.164       5.309
     88.000       6.965       3.672       0.007     -98.089     197.193       2.590
     89.000       6.981       3.127       0.474     -88.646     203.217      29.292
     90.000       6.075       5.469      -0.324    -133.690     158.720      -9.954
     91.000      -4.132      -7.797       0.599     192.334     -99.227     -19.337
     92.000       2.650      -8.157      -0.427     203.334      70.179      12.955
     93.000       0.740      -8.016      -0.309     228.239      30.194     -28.960
     94.000       2.575      -7.965       0.533     207.297      73.940      20.784
     95.000       6.373       4.714       0.242    -123.607     177.067      -4.858
     96.000      -5.779      -6.826      -0.008     170.098    -138.341      -2.290
     97.000       7.846      -0.844      -0.082      41.468     221.395     -13.063
     98.000       5.955      -5.201       0.018     157.859     169.746       5.699
     99.000      -0.676      -8.089      -1.160     223.205      -5.554     -23.280
