# Time in Gyr = 0.540
#        num          x          y           z          vx           vy           vz
      0.000      -7.249       3.462       0.000     -97.584    -201.736       0.000
      1.000      -2.008      -6.620      -0.058     229.577     -61.152       0.984
      2.000      -5.664       5.785      -0.135    -161.660    -155.820     -25.898
      3.000      -2.187      -6.952      -0.142     215.423     -68.364     -10.230
      4.000      -3.332       7.682      -0.104    -206.132     -84.024      23.029
      5.000      -5.508      -4.924       0.103     161.486    -160.966     -11.873
      6.000      -7.282       3.278       0.055     -94.309    -205.709       1.493
      7.000      -7.727       0.030      -0.161      -6.397    -227.874     -11.698
      8.000      -7.196       3.205       0.048     -95.462    -208.339      11.335
      9.000      -3.283      -6.170      -0.251     211.418     -97.178     -31.102
     10.000      -4.162      -6.303      -0.438     178.200    -127.440      -9.832
     11.000       9.049       2.965      -0.156     -77.357     192.792     -53.617
     12.000      -7.768       1.153      -0.108     -35.715    -222.929     -12.801
     13.000      -7.168      -2.611      -0.073      70.396    -215.992       6.221
     14.000      -5.287       6.279       0.324    -172.637    -142.819      10.848
     15.000      -5.113       6.649      -0.206    -178.319    -130.747       5.208
     16.000      -7.729      -0.691      -0.633      17.657    -220.985     -12.703
     17.000      -6.583       5.272      -0.027    -139.258    -166.854      -5.187
     18.000      -3.874       7.740      -0.027    -200.738     -82.905       2.067
     19.000      -7.540      -0.536       0.009       4.155    -233.263      -0.388
     20.000      -7.489      -2.078       0.431      72.870    -202.760      40.286
     21.000      -7.565      -1.799      -0.201      56.059    -215.362       1.522
     22.000      -2.172       8.072       0.465    -217.128     -53.246     -14.282
     23.000      -5.987       4.481      -0.202    -144.418    -194.380      11.035
     24.000      -2.350       7.503      -0.701    -217.909     -81.104     -24.873
     25.000       9.014       2.041       0.153     -57.830     217.388       2.630
     26.000      -6.965      -3.150      -0.172      89.990    -204.830     -20.718
     27.000       3.191       8.108       0.109    -209.481      82.002     -11.735
     28.000      -7.167       3.204       0.382     -95.715    -205.718      21.681
     29.000      -4.633       7.034       0.115    -187.321    -113.830     -25.300
     30.000       4.358      -5.308       0.013     181.305     139.585      11.893
     31.000      -6.289       4.245       0.060    -133.225    -198.133       4.868
     32.000       5.308       7.385       0.177    -184.974     111.996      25.497
     33.000      -2.044       7.779      -0.280    -217.775     -62.304     -48.520
     34.000      -7.785       1.875       0.497     -52.276    -213.711      -0.436
     35.000       0.814       8.555       0.098    -223.847      22.690       2.109
     36.000      -5.521      -4.984      -0.351     154.690    -164.408      -1.279
     37.000      -2.851       7.934       0.045    -211.925     -74.420      -2.539
     38.000      -6.806      -3.547      -0.082     103.091    -200.089       7.727
     39.000      -6.776      -3.591       0.013     108.526    -196.896      -5.419
     40.000      -6.968      -3.127       0.366      83.846    -206.283     -22.914
     41.000       2.652       8.248       0.040    -214.315      69.165     -12.217
     42.000       6.593       6.335      -0.068    -157.502     150.126      26.477
     43.000      -7.687      -1.111      -0.184      28.625    -221.718      21.752
     44.000      -6.865      -3.223       0.284      82.413    -211.057      11.398
     45.000      -2.902      -6.652      -0.028     209.896     -89.099     -15.668
     46.000       1.014      -6.944       0.230     224.798      31.048     -24.222
     47.000       5.343      -3.941      -0.395     155.757     171.010     -14.305
     48.000      -7.670      -1.123      -0.063      29.966    -224.124       3.092
     49.000      -5.301       6.728       0.078    -175.810    -126.384      -6.642
     50.000      -6.502       5.107       0.351    -137.694    -170.179      16.079
     51.000      -6.555      -3.857      -0.317     101.040    -201.274      -6.222
     52.000      -7.195      -2.502      -0.267      69.616    -214.782      -5.067
     53.000      -4.685       6.573       0.038    -185.139    -132.554     -26.997
     54.000      -8.164      -0.621       0.205      35.693    -207.508     -20.375
     55.000      -5.530       6.725      -0.011    -170.918    -123.036      25.427
     56.000       0.501       8.330      -0.475    -225.888       1.139     -27.020
     57.000      -7.627      -1.922      -0.015      65.410    -210.456       2.253
     58.000      -7.947      -0.395       0.094      14.027    -219.289     -20.498
     59.000      -1.774       8.337      -0.158    -220.040     -37.652      -0.623
     60.000      -4.527       6.806      -0.184    -188.235    -125.965     -20.056
     61.000      -0.033       8.493       0.396    -224.803       0.790     -11.542
     62.000      -2.472      -6.772      -0.032     215.081     -76.364      18.105
     63.000      -7.560      -2.066      -0.012      70.065    -209.443       1.697
     64.000       2.429       7.957      -1.129    -213.021      77.154      17.627
     65.000      -5.167       6.734       0.632    -177.196    -120.647     -15.921
     66.000      -6.341       5.611      -0.356    -147.580    -157.769      -0.569
     67.000      -3.398       7.783       0.171    -205.376     -77.959     -22.295
     68.000      -5.410      -5.320       0.020     148.849    -166.687     -11.141
     69.000      -6.573       5.191      -0.979    -136.965    -161.364       4.999
     70.000      -2.211      -6.555       0.367     225.020     -67.844     -10.986
     71.000      -3.455      -6.094       0.037     212.697    -103.614       0.466
     72.000      -5.308      -5.464      -0.029     150.568    -159.217      32.250
     73.000      -5.911       5.719      -1.009    -154.802    -150.802      -8.456
     74.000       5.163       6.950       0.306    -182.503     138.771      -2.424
     75.000      -3.240       7.290      -0.663    -208.481     -97.531       8.996
     76.000       7.282       5.574       0.292    -138.849     169.208      11.227
     77.000      -0.582       8.362       0.182    -225.581     -30.571       6.350
     78.000      -7.643       2.483       0.122     -68.669    -206.376      35.921
     79.000      -6.574       4.395      -0.372    -130.416    -184.134      32.182
     80.000      -8.194      -0.282      -0.078      21.224    -212.504       2.222
     81.000      -4.955      -5.640       0.013     164.619    -152.985       0.116
     82.000      -3.493       7.051      -0.280    -205.065    -115.788      -6.676
     83.000      -3.965      -5.867      -0.205     201.234    -118.567      14.335
     84.000      -7.508       1.265       0.098     -46.241    -229.152       0.021
     85.000      -7.188      -2.560       0.707      69.071    -211.002       0.899
     86.000      -4.733      -5.822       0.305     167.482    -141.814     -33.080
     87.000      -7.696       1.009       0.159     -33.829    -226.037       4.849
     88.000      -7.447      -2.296      -0.013      72.845    -210.349       2.510
     89.000      -7.403      -2.159       0.711      63.965    -210.361      11.482
     90.000      -7.020      -3.155      -0.263     112.565    -190.970     -13.009
     91.000       1.433       8.387      -0.365    -221.440      36.439     -28.931
     92.000      -3.729       7.141      -0.050    -201.192    -109.477      25.340
     93.000      -3.198       7.869      -0.684    -207.428     -68.699       3.812
     94.000      -4.044       7.127       0.639    -197.211    -107.848     -12.500
     95.000      -7.111      -2.962       0.253      97.324    -200.081      -1.427
     96.000       2.868       8.190      -0.036    -212.695      76.299      -1.544
     97.000      -8.143       1.979      -0.074     -45.023    -206.694     -12.465
     98.000      -6.795       5.160       0.030    -133.696    -168.090       5.260
     99.000      -2.024       8.048      -0.469    -215.009     -38.974      52.784
