# Time in Gyr = 0.180
#        num          x          y           z          vx           vy           vz
      0.000       3.035      -7.406       0.000     208.278      84.711       0.000
      1.000       6.312      -4.383       0.034     123.377     174.502       3.196
      2.000       1.943      -7.833      -0.473     218.242      55.951     -11.065
      3.000       5.838      -4.386       0.045     134.715     180.958      13.298
      4.000       1.254      -8.217       0.398     222.043      30.781      12.501
      5.000       5.681      -5.327      -0.029     151.418     154.002      12.660
      6.000       2.861      -7.463      -0.039     210.358      82.791       2.643
      7.000       3.622      -6.799       0.199     199.486     111.597      -9.647
      8.000       2.805      -7.409      -0.170     211.103      85.732       6.519
      9.000       6.128      -4.596       0.488     131.927     165.992     -19.276
     10.000       5.212      -4.836       0.285     156.557     171.949     -21.152
     11.000      -3.963      -8.093       1.221     202.356     -84.882     -28.278
     12.000       3.521      -6.996       0.196     201.496     103.208      -8.744
     13.000       4.286      -6.206       0.027     186.154     134.710      -7.538
     14.000       1.878      -7.956       0.379     219.022      51.280       3.800
     15.000       1.931      -8.066      -0.224     218.739      46.579       1.823
     16.000       3.996      -6.513      -0.668     192.217     117.257      -4.273
     17.000       2.731      -7.801       0.082     212.343      64.448      -3.162
     18.000       1.788      -8.276      -0.044     220.215      29.356       0.751
     19.000       3.356      -6.772      -0.004     203.331     114.525       0.593
     20.000       4.974      -6.038       0.909     171.283     127.932      14.119
     21.000       4.614      -6.300       0.091     181.165     127.704     -10.316
     22.000       0.779      -8.295      -0.372     223.435      18.827     -19.876
     23.000       1.737      -7.597      -0.278     221.685      73.061       3.744
     24.000       0.319      -8.066       0.247     225.285      27.024      41.011
     25.000      -3.727      -8.333      -0.065     206.504     -95.724      -7.079
     26.000       4.617      -5.983       0.321     178.977     138.382     -13.774
     27.000      -1.078      -8.645      -0.206     223.190     -28.475      -7.930
     28.000       2.763      -7.329       0.544     211.194      84.510       8.050
     29.000       1.786      -8.083      -0.443     219.246      40.845     -14.082
     30.000       6.700      -2.258       0.153      66.780     211.879       6.105
     31.000       2.002      -7.574      -0.076     219.184      75.669       4.085
     32.000      -2.243      -8.582      -0.045     218.294     -38.956     -27.471
     33.000       0.405      -8.107       0.066     223.677      19.587      50.401
     34.000       3.574      -7.047       0.492     200.836      96.880      -0.531
     35.000      -0.228      -8.589       0.105     224.816      -7.667       0.657
     36.000       5.348      -5.371       0.188     158.723     154.528     -17.132
     37.000       0.999      -8.358       0.061     223.407      25.955      -1.096
     38.000       4.821      -5.951       0.029     174.903     142.365      -9.013
     39.000       4.980      -5.931      -0.004     171.697     141.779       5.418
     40.000       4.457      -5.959       0.537     182.068     137.864      -8.393
     41.000      -0.792      -8.631      -0.210     224.057     -21.838      -6.306
     42.000      -2.592      -8.563       0.029     215.312     -55.349     -27.015
     43.000       4.141      -6.477      -0.408     190.214     121.610       8.755
     44.000       4.153      -6.040      -0.238     187.888     139.537      14.404
     45.000       5.900      -4.541       0.008     135.773     176.027      15.586
     46.000       6.333      -3.322      -0.092     103.212     197.235      27.505
     47.000       7.009      -2.189       0.080      53.965     201.063      27.054
     48.000       4.059      -6.579       0.027     191.816     120.799      -4.664
     49.000       2.156      -8.080       0.140     217.483      44.436      -2.549
     50.000       2.563      -7.711       0.462     213.222      64.638       5.870
     51.000       4.334      -5.875       0.206     183.702     145.161     -15.272
     52.000       4.371      -6.153       0.172     184.203     134.006     -12.840
     53.000       1.480      -7.980      -0.448     221.481      47.515     -13.221
     54.000       5.099      -6.471       0.408     175.276     114.171      -8.684
     55.000       2.456      -7.999       0.471     214.749      45.558      12.357
     56.000      -0.467      -8.378       0.159     224.656      -0.227      35.226
     57.000       4.918      -6.289       0.002     175.932     127.095      -2.382
     58.000       4.218      -6.677       0.353     190.147     113.392      -8.837
     59.000       0.775      -8.437      -0.159     224.218      11.920      -0.272
     60.000       1.474      -8.062      -0.401     221.480      44.495      -7.871
     61.000       0.024      -8.499      -0.310     224.683       0.526     -16.834
     62.000       5.950      -4.410       0.015     132.523     178.135     -17.780
     63.000       4.915      -6.279       0.004     175.736     127.234      -1.790
     64.000      -0.438      -8.408       0.444     222.593     -25.131     -48.972
     65.000       2.266      -7.934      -0.503     215.289      47.776     -24.607
     66.000       2.695      -7.813      -0.347     212.647      61.692       0.255
     67.000       1.335      -8.252      -0.396     221.581      25.947     -14.182
     68.000       4.933      -5.361      -0.009     167.576     161.266      11.534
     69.000       2.712      -7.634       0.546     210.103      61.922      37.051
     70.000       6.220      -4.380      -0.174     125.702     172.695      22.026
     71.000       6.188      -4.769      -0.018     132.496     165.134      -2.232
     72.000       4.893      -5.299      -0.515     168.564     158.363      14.216
     73.000       2.338      -7.702       0.475     213.192      57.388      41.478
     74.000      -1.587      -8.611      -0.176     221.553     -48.790     -12.678
     75.000       0.783      -8.075       0.395     224.080      33.777      27.362
     76.000      -2.821      -8.545      -0.107     213.778     -63.429     -16.967
     77.000      -0.170      -8.446       0.220     225.664      10.992       2.053
     78.000       3.353      -7.103       0.657     203.059      90.974      15.356
     79.000       2.393      -7.504       0.583     214.302      73.454      22.749
     80.000       4.748      -6.668       0.026     182.223     112.043      -4.528
     81.000       5.190      -5.193      -0.006     160.027     164.854      -0.634
     82.000       0.667      -8.087      -0.310     225.730      38.199      -2.386
     83.000       6.130      -4.797       0.066     134.388     164.185     -17.605
     84.000       3.112      -7.028      -0.049     207.093     103.740       5.135
     85.000       4.352      -6.053       0.694     183.929     133.426       0.161
     86.000       5.270      -4.964       0.631     157.001     164.418     -13.105
     87.000       3.355      -7.017      -0.114     203.621     102.763       7.866
     88.000       4.802      -6.246       0.003     177.430     130.227      -2.593
     89.000       4.482      -6.165       0.739     182.054     127.872       4.054
     90.000       5.611      -5.864       0.251     159.846     135.166     -13.898
     91.000      -0.463      -8.502       0.134     223.928     -11.992      33.449
     92.000       0.991      -8.084       0.414     223.707      36.860      12.794
     93.000       1.366      -8.234       0.384     221.146      22.962      26.912
     94.000       1.342      -8.083      -0.435     221.463      38.702     -25.665
     95.000       5.160      -5.997      -0.114     168.868     135.499      12.693
     96.000      -0.848      -8.666      -0.046     223.944     -25.149      -0.505
     97.000       4.117      -7.088       0.193     194.204      96.149      -8.155
     98.000       3.009      -7.759      -0.080     209.585      68.318       3.402
     99.000       0.917      -8.137       0.133     220.869      13.557     -58.369
