# Time in Gyr = 0.740
#        num          x          y           z          vx           vy           vz
      0.000      -3.651       7.186       0.000    -199.255    -100.973       0.000
      1.000      -1.179      -7.298      -0.046     216.745     -51.497       2.585
      2.000      -0.220       8.197       0.394    -221.721      -2.794      17.282
      3.000      -2.375      -6.926      -0.116     212.969     -72.649     -11.591
      4.000       3.992       7.497      -0.089    -192.088     106.065     -23.144
      5.000      -5.693      -4.456       0.157     135.671    -189.186      -8.998
      6.000      -4.072       6.985      -0.000    -194.713    -109.678       3.344
      7.000      -7.063       3.763       0.162    -108.427    -191.531     -11.502
      8.000      -4.174       6.925      -0.195    -195.228    -108.585       3.847
      9.000      -2.775      -6.704       0.387     199.662    -102.687     -24.843
     10.000      -5.298      -5.308       0.022     163.394    -148.389     -26.636
     11.000       3.555      -8.657      -1.443     189.506      93.955      -5.808
     12.000      -6.302       4.897       0.201    -138.563    -173.594      -8.411
     13.000      -7.905       0.166      -0.125      -6.610    -218.944       2.279
     14.000       0.738       8.261      -0.382    -220.611      22.787       4.184
     15.000       1.481       8.343      -0.023    -215.399      38.457     -11.892
     16.000      -7.272       2.834       0.614     -79.762    -205.372     -14.930
     17.000      -1.062       8.342       0.095    -215.440     -33.166      -1.974
     18.000       4.286       7.826      -0.034    -182.439     104.308      -1.858
     19.000      -7.554       3.095       0.013     -92.274    -195.330       0.076
     20.000      -7.156      -0.037      -0.848       5.828    -233.331     -13.949
     21.000      -7.519       0.848      -0.155     -23.033    -227.452      -7.316
     22.000       5.378       6.557      -0.435    -166.821     144.070      16.452
     23.000      -2.797       7.439      -0.180    -221.700     -57.726     -12.587
     24.000       3.846       6.861       0.559    -198.767     119.965      33.524
     25.000       2.437      -8.905      -0.137     214.945      67.236      -4.095
     26.000      -7.657      -0.841       0.334      24.494    -220.665     -12.931
     27.000       8.722       0.181      -0.025      -2.744     224.657      12.953
     28.000      -4.141       6.943      -0.578    -192.652    -107.043      -3.241
     29.000       2.395       8.219       0.084    -206.659      61.192      25.338
     30.000       5.886      -3.888       0.132     118.201     188.833       7.795
     31.000      -3.101       7.344      -0.049    -216.890     -70.622       5.107
     32.000       8.428      -2.755       0.199      52.836     215.377     -26.155
     33.000       4.810       6.524      -0.314    -175.170     141.039      47.549
     34.000      -5.427       5.803      -0.256    -159.651    -153.998      21.962
     35.000       7.972       3.329      -0.092     -83.036     207.791       2.594
     36.000      -6.151      -4.084      -0.204     123.752    -190.790     -16.603
     37.000       4.624       7.118       0.036    -185.484     123.883       2.866
     38.000      -7.563      -1.457      -0.138      42.354    -220.206       4.089
     39.000      -7.395      -1.588       0.046      47.358    -222.911      -4.809
     40.000      -7.771      -0.433       0.338      15.259    -217.834      24.181
     41.000       8.634       1.000       0.067     -23.222     223.349      11.874
     42.000       7.583      -4.897       0.463     111.673     189.979     -17.145
     43.000      -7.456       2.411      -0.371     -67.593    -211.016     -12.749
     44.000      -8.059      -0.175      -0.141       3.078    -212.645      17.389
     45.000      -2.892      -6.760       0.033     205.281     -92.404     -15.488
     46.000       2.266      -6.768       0.400     212.103      69.158     -13.655
     47.000       6.538      -2.913      -0.352      68.711     202.976     -17.415
     48.000      -7.538       2.263      -0.084     -65.754    -212.778      -0.083
     49.000       1.878       8.472       0.110    -208.963      43.983       5.307
     50.000      -1.173       8.198      -0.479    -215.910     -33.937      -1.313
     51.000      -7.929      -1.194      -0.008      33.424    -210.515     -18.490
     52.000      -7.787       0.247      -0.049      -7.620    -220.564     -15.834
     53.000       1.355       8.059       0.212    -220.767      43.410      24.439
     54.000      -6.811       2.071       0.368     -53.870    -235.556       9.371
     55.000       1.859       8.636      -0.180    -203.733      37.792     -23.471
     56.000       7.188       3.954       0.206    -113.271     199.476      35.115
     57.000      -7.354       0.459      -0.029     -10.177    -234.678       1.855
     58.000      -7.084       3.075       0.372     -85.034    -209.892       5.462
     59.000       6.207       6.116       0.097    -148.210     160.262      -6.430
     60.000       1.762       8.056       0.388    -218.333      52.453      10.022
     61.000       7.301       4.453      -0.363    -112.441     192.960      13.733
     62.000      -2.278      -6.959      -0.122     212.040     -74.380      16.229
     63.000      -7.346       0.141      -0.020      -1.079    -235.195       1.390
     64.000       8.507       1.070       0.942     -16.340     219.245      34.077
     65.000       2.166       8.351      -0.654    -204.017      52.069      15.416
     66.000      -0.512       8.460       0.207    -215.021     -18.415     -14.374
     67.000       4.469       7.454      -0.037    -181.614     113.965      23.626
     68.000      -6.854      -3.650       0.121     107.039    -190.105      -8.532
     69.000      -0.766       8.314       0.986    -210.562     -27.959       0.662
     70.000      -1.408      -7.184       0.421     214.921     -57.221       2.839
     71.000      -2.774      -6.752       0.039     202.006    -104.616      -0.661
     72.000      -6.577      -3.857      -0.591     118.058    -184.328      -4.142
     73.000      -0.010       8.318       0.947    -213.571      -4.414      17.103
     74.000       8.234      -2.847      -0.308      80.826     213.103       2.174
     75.000       3.044       7.420       0.647    -208.395      95.034     -10.875
     76.000       6.892      -5.963      -0.178     138.205     171.550     -15.413
     77.000       6.447       4.981      -0.212    -147.245     181.515       2.579
     78.000      -4.734       6.407      -0.449    -172.708    -135.456     -27.855
     79.000      -2.349       7.800       0.192    -212.001     -55.285     -35.727
     80.000      -6.885       2.738      -0.080     -73.019    -224.745      -0.863
     81.000      -6.173      -4.450       0.013     132.358    -177.793       0.205
     82.000       2.341       7.458       0.261    -223.012      79.883      -8.839
     83.000      -3.654      -6.237      -0.279     187.866    -131.145       7.653
     84.000      -6.278       5.105       0.059    -148.812    -162.278       4.662
     85.000      -7.755       0.330      -0.422      -8.724    -218.023      29.091
     86.000      -5.732      -4.678       0.556     145.996    -167.979      21.264
     87.000      -6.443       4.756      -0.004    -136.378    -174.565      10.217
     88.000      -7.501       0.097      -0.028      -0.967    -231.121       2.001
     89.000      -7.551       0.604      -0.621     -16.169    -223.344      20.596
     90.000      -6.701      -2.027       0.039      65.110    -233.368     -21.548
     91.000       8.147       2.613       0.014     -64.534     213.707      34.043
     92.000       2.739       7.606      -0.178    -212.717      82.670     -23.460
     93.000       4.785       7.348       0.709    -173.841     120.030      -1.162
     94.000       2.782       7.837      -0.637    -206.565      80.138      13.004
     95.000      -7.184      -1.211       0.193      38.966    -231.613       9.148
     96.000       8.700       0.661       0.046     -12.790     224.365      -0.286
     97.000      -5.234       5.880       0.225    -156.488    -162.759      -5.719
     98.000      -1.213       8.378      -0.097    -212.961     -39.455       2.202
     99.000       5.763       6.278       1.260    -149.044     151.549     -17.341
