# Time in Gyr = 0.330
#        num          x          y           z          vx           vy           vz
      0.000      -7.965       0.758       0.000     -21.294    -223.984       0.000
      1.000      -4.331      -6.354      -0.047     176.577    -120.216      -2.566
      2.000      -7.669       2.665      -0.394     -71.149    -212.344      17.320
      3.000      -4.443      -5.792      -0.024     179.615    -136.582     -13.526
      4.000      -7.110       4.209       0.420    -115.505    -193.702     -10.439
      5.000      -5.957      -5.000       0.103     134.262    -169.620     -11.328
      6.000      -7.988       0.879       0.061     -21.410    -223.856      -0.140
      7.000      -7.722      -0.879      -0.251      32.765    -224.269      -3.916
      8.000      -7.974       0.969       0.181     -19.346    -224.003       5.314
      9.000      -4.890      -5.899      -0.592     161.321    -137.448      -9.778
     10.000      -5.281      -4.750      -0.452     158.039    -170.993       1.735
     11.000      -0.367       9.585       1.485    -205.410     -14.502      -1.636
     12.000      -7.847      -0.497      -0.237      17.543    -224.845      -4.761
     13.000      -7.164      -2.494      -0.080      81.433    -213.507       6.008
     14.000      -7.616       3.024       0.152     -81.639    -209.043     -18.437
     15.000      -7.584       3.099       0.061     -88.622    -208.275      11.720
     16.000      -7.499      -1.590      -0.182      46.007    -219.668      34.386
     17.000      -7.910       1.678      -0.090     -55.598    -219.866      -2.364
     18.000      -7.129       3.757       0.026    -119.713    -199.879       2.231
     19.000      -7.675      -0.742       0.010      37.771    -225.815      -0.418
     20.000      -7.011      -3.382       0.521      78.926    -200.168     -37.361
     21.000      -7.257      -2.784      -0.179      75.015    -209.664       5.241
     22.000      -6.661       4.943      -0.554    -133.227    -181.593      -0.145
     23.000      -7.799       2.675       0.100     -47.866    -215.789      14.267
     24.000      -6.690       5.243       0.652    -116.818    -181.356      27.589
     25.000       0.606       9.332      -0.134    -222.361       4.352      -4.319
     26.000      -6.893      -3.112      -0.383      94.752    -205.292      -7.416
     27.000      -4.423       7.582      -0.251    -190.971    -115.929       3.792
     28.000      -7.870       0.976       0.312     -21.835    -223.623     -24.580
     29.000      -7.412       3.328      -0.464     -98.001    -204.953      11.373
     30.000      -0.490      -6.993      -0.180     223.986      -9.000       0.544
     31.000      -7.849       2.305       0.101     -43.664    -217.965       1.584
     32.000      -3.827       8.587      -0.301    -186.816     -93.142     -22.595
     33.000      -6.505       5.260       0.405    -126.150    -177.981      44.528
     34.000      -7.856      -0.350      -0.011       5.959    -224.039     -26.292
     35.000      -5.684       6.460       0.025    -167.087    -150.135      -5.352
     36.000      -6.046      -4.553      -0.339     131.315    -178.821       6.078
     37.000      -7.009       4.688      -0.032    -123.344    -187.607      -3.035
     38.000      -6.852      -3.435      -0.088     101.576    -201.215       7.514
     39.000      -6.835      -3.613       0.031     102.007    -198.367      -5.061
     40.000      -6.901      -2.869      -0.278      91.557    -208.222     -26.754
     41.000      -4.779       7.284      -0.218    -185.361    -125.809       5.784
     42.000      -2.685       8.917      -0.133    -202.548     -67.589     -25.413
     43.000      -7.477      -1.859       0.280      56.466    -218.151      18.306
     44.000      -7.014      -2.363       0.335      85.857    -215.515       2.823
     45.000      -4.675      -5.791       0.049     172.932    -139.764     -15.219
     46.000      -2.489      -6.692       0.265     209.183     -77.252     -22.745
     47.000      -0.219      -7.149      -0.064     214.064      13.199     -27.643
     48.000      -7.555      -1.749      -0.062      53.746    -219.509       3.243
     49.000      -7.565       2.859      -0.086     -90.990    -210.545      -6.653
     50.000      -7.831       1.772       0.216     -55.178    -218.570     -21.548
     51.000      -6.768      -2.866      -0.326     100.721    -209.789       1.106
     52.000      -7.104      -2.612      -0.277      82.068    -211.847       1.916
     53.000      -7.467       3.559      -0.463     -88.947    -203.722      12.856
     54.000      -7.446      -3.119      -0.345      61.086    -204.939     -14.833
     55.000      -7.532       2.533       0.420     -90.891    -212.383     -14.234
     56.000      -5.757       6.588       0.482    -153.514    -151.305      26.515
     57.000      -7.240      -3.187      -0.015      78.149    -204.708       2.254
     58.000      -7.627      -1.834      -0.295      46.730    -217.922     -13.735
     59.000      -6.469       5.204      -0.013    -145.619    -176.734       8.317
     60.000      -7.480       3.624      -0.293     -92.438    -202.725      16.081
     61.000      -5.863       6.205      -0.470    -160.079    -156.270      -1.050
     62.000      -4.449      -5.925      -0.097     177.406    -133.455      16.847
     63.000      -7.204      -3.261      -0.012      80.384    -203.597       1.645
     64.000      -4.488       6.968       0.606    -190.199    -124.194     -46.131
     65.000      -7.451       2.762      -0.700     -90.069    -210.410      -0.408
     66.000      -7.839       1.877       0.007     -62.476    -218.220      18.356
     67.000      -6.939       4.262      -0.452    -124.742    -191.932       7.853
     68.000      -6.103      -4.015       0.072     132.796    -190.171     -10.571
     69.000      -7.683       1.548       0.916     -55.684    -219.387      11.027
     70.000      -4.335      -6.251       0.353     174.645    -122.952     -13.647
     71.000      -5.012      -5.996       0.023     160.226    -138.240       2.016
     72.000      -5.948      -4.100       0.440     135.298    -187.189      20.494
     73.000      -7.516       2.335       0.883     -70.500    -214.419      21.153
     74.000      -3.040       8.149      -0.297    -211.744     -85.387      -4.554
     75.000      -6.960       4.678       0.694    -111.291    -188.947       6.988
     76.000      -2.062       9.045      -0.279    -209.676     -52.945     -11.813
     77.000      -6.477       6.068       0.082    -137.913    -164.780     -10.579
     78.000      -7.792       0.073       0.556      -8.345    -224.227     -22.580
     79.000      -7.731       1.873       0.735     -46.946    -219.387      -8.797
     80.000      -7.619      -2.524      -0.061      50.592    -212.536       3.302
     81.000      -5.800      -4.515       0.007     144.055    -178.682       0.575
     82.000      -7.265       4.576      -0.103     -99.608    -192.033      15.467
     83.000      -5.161      -5.826      -0.192     155.774    -144.090      14.275
     84.000      -7.856       0.053       0.096      12.678    -226.487      -1.750
     85.000      -7.026      -2.614       0.025      80.942    -210.979     -38.082
     86.000      -5.475      -4.758      -0.443     149.868    -170.400     -28.072
     87.000      -7.850      -0.274       0.180      14.700    -225.417       0.018
     88.000      -7.172      -3.164      -0.016      83.316    -204.965       2.396
     89.000      -7.109      -2.779       0.132      76.569    -208.601     -38.464
     90.000      -6.711      -4.444      -0.373     103.387    -184.213       0.369
     91.000      -5.217       6.836       0.386    -172.462    -140.089      27.971
     92.000      -7.174       4.323       0.445    -105.517    -193.567     -11.318
     93.000      -6.830       4.221       0.639    -127.351    -192.453       9.040
     94.000      -7.204       3.987      -0.690    -104.224    -197.973      -4.071
     95.000      -6.923      -3.717       0.229      94.484    -196.510      -6.282
     96.000      -4.594       7.391      -0.021    -189.753    -121.665       2.155
     97.000      -7.909      -1.114      -0.235      13.866    -222.066      -4.158
     98.000      -7.977       1.329       0.096     -49.376    -221.468       2.160
     99.000      -6.326       4.958      -0.001    -139.718    -176.572     -59.814
