# Time in Gyr = 0.960
#        num          x          y           z          vx           vy           vz
      0.000      -2.933       7.472       0.000    -208.440     -82.936       0.000
      1.000       2.450      -6.783       0.036     208.389      93.396       3.124
      2.000       1.717       8.108      -0.383    -214.812      44.611      17.754
      3.000       2.051      -6.983      -0.219     217.276      63.734       1.194
      4.000       6.449       5.519       0.484    -145.344     164.590       0.620
      5.000      -3.977      -6.703       0.040     187.898    -106.154     -12.771
      6.000      -3.475       7.355      -0.002    -199.858     -96.838       3.373
      7.000      -7.043       3.530       0.213     -93.547    -203.051      -8.844
      8.000      -3.476       7.479      -0.212    -196.830     -95.786      -0.322
      9.000       0.354      -7.343       0.527     219.827      25.972     -16.922
     10.000      -1.311      -7.115      -0.062     223.040     -50.944     -27.120
     11.000      -5.292      -7.306       0.514     187.748    -113.908      50.934
     12.000      -6.410       4.664       0.233    -128.723    -182.915      -5.535
     13.000      -7.432      -1.451      -0.082      50.111    -223.244       5.809
     14.000       3.034       7.769      -0.170    -206.324      78.125     -17.714
     15.000       3.755       7.397       0.165    -201.785      96.400      -8.400
     16.000      -7.462       1.677       0.504     -46.820    -219.920      22.890
     17.000       0.389       7.974       0.096    -229.564       5.734      -0.380
     18.000       7.031       4.846       0.001    -138.854     170.968      -2.513
     19.000      -7.282       3.067       0.013     -71.366    -211.780      -0.108
     20.000      -7.474      -2.606       0.087      60.087    -202.512     -46.149
     21.000      -7.680      -1.176      -0.195      28.962    -220.836      -3.503
     22.000       7.821       3.542      -0.079     -91.280     197.591     -26.550
     23.000      -0.789       8.805       0.088    -204.017     -18.114     -14.026
     24.000       6.605       5.556      -0.896    -125.540     170.769     -13.706
     25.000      -6.048      -6.823       0.160     171.442    -150.138      -1.756
     26.000      -6.959      -2.937       0.375      88.271    -208.460      -8.503
     27.000       7.184      -5.179      -0.252     133.082     176.850      -4.107
     28.000      -3.304       7.453       0.011    -197.317     -93.889     -29.294
     29.000       4.745       6.817      -0.528    -187.101     120.028      -1.460
     30.000       6.013       3.372       0.008    -104.888     202.434     -11.863
     31.000      -1.482       8.528      -0.079    -206.038     -36.900       3.826
     32.000       4.455      -7.167       0.025     194.667     126.869      28.729
     33.000       7.397       4.400      -0.012    -101.325     185.951     -48.477
     34.000      -5.521       5.483      -0.486    -160.576    -159.643       0.641
     35.000       8.654      -1.495      -0.082      40.056     216.432      -3.391
     36.000      -4.160      -6.338      -0.263     186.179    -119.915     -13.339
     37.000       7.058       4.877      -0.010    -125.319     181.660       3.360
     38.000      -6.717      -3.678      -0.066     108.676    -197.642       8.176
     39.000      -6.692      -3.908      -0.029     110.902    -192.952      -5.313
     40.000      -7.061      -2.410      -0.066      74.918    -215.085      31.486
     41.000       7.670      -4.403      -0.249     113.859     189.068       1.172
     42.000       1.645      -8.621      -0.381     221.744      46.141      20.657
     43.000      -7.599       1.374      -0.144     -37.547    -221.752     -22.775
     44.000      -7.186      -1.591      -0.188      60.310    -225.194      16.939
     45.000       1.021      -7.278      -0.173     222.476      35.664     -11.328
     46.000       6.326      -3.028       0.170      98.367     204.577     -26.178
     47.000       4.306       5.374      -0.307    -156.888     158.833      20.089
     48.000      -7.684       1.221      -0.075     -32.171    -222.983       2.037
     49.000       4.216       7.023       0.014    -200.482     105.537       7.970
     50.000       0.091       8.008      -0.085    -225.980      -1.885     -24.169
     51.000      -6.580      -3.121      -0.018     106.398    -209.280     -19.750
     52.000      -7.418      -1.505      -0.071      48.969    -221.935     -15.844
     53.000       3.837       7.573      -0.535    -191.616     100.735       4.552
     54.000      -7.991      -0.716       0.352      -4.795    -215.251      14.197
     55.000       4.041       6.897       0.512    -206.758      99.761      -4.200
     56.000       8.468       0.451      -0.578      -0.413     222.216     -23.550
     57.000      -7.665      -1.990       0.002      44.651    -214.172       2.488
     58.000      -7.624       1.636       0.301     -52.562    -218.099      13.401
     59.000       8.435       2.364       0.159     -63.427     207.620       1.485
     60.000       4.200       7.382      -0.206    -188.218     110.021      19.123
     61.000       8.735       0.090      -0.073       0.656     218.655     -22.084
     62.000       1.813      -7.063       0.103     217.279      60.723      16.864
     63.000      -7.587      -2.293       0.006      53.546    -211.562       1.762
     64.000       7.668      -4.847      -0.638     114.335     173.200     -43.532
     65.000       4.551       6.719       0.081    -193.107     114.121     -35.146
     66.000       1.067       7.899       0.341    -228.328      23.387       1.716
     67.000       7.083       4.726      -0.455    -129.983     176.275      -9.023
     68.000      -4.208      -5.916      -0.033     189.012    -136.795     -11.366
     69.000       0.500       7.712      -0.622    -229.070      10.437      34.107
     70.000       2.113      -6.866       0.410     211.620      81.097      -4.641
     71.000       0.176      -7.492       0.001     220.237      23.843      -2.490
     72.000      -3.817      -6.164      -0.496     192.880    -125.482     -16.720
     73.000       1.822       7.705      -0.955    -219.762      45.446      13.179
     74.000       4.196      -8.007       0.144     199.719      91.909     -13.175
     75.000       5.655       6.469      -0.194    -154.614     147.809      31.524
     76.000      -0.026      -8.924       0.329     224.901       4.231       8.801
     77.000       8.121       2.154      -0.123     -43.818     222.766      -9.688
     78.000      -4.745       6.099       0.573    -179.706    -137.234     -21.344
     79.000      -0.687       8.195       0.604    -215.596     -24.577      21.781
     80.000      -7.880       0.410      -0.073     -32.171    -220.097       2.305
     81.000      -3.376      -6.497       0.008     203.770    -107.569      -0.740
     82.000       4.829       7.188       0.269    -168.320     132.602       9.601
     83.000      -1.223      -7.494      -0.215     216.914     -20.732      13.640
     84.000      -5.820       5.722       0.059    -144.453    -163.526       4.449
     85.000      -7.300      -1.506      -0.691      47.465    -222.206      -4.177
     86.000      -2.672      -6.845       0.251     207.307     -85.002      35.280
     87.000      -6.296       4.925      -0.028    -131.676    -178.696      10.126
     88.000      -7.543      -2.172       0.006      55.183    -213.914       2.525
     89.000      -7.535      -1.174      -0.620      32.019    -220.125     -20.858
     90.000      -6.704      -4.701       0.044     113.042    -173.776     -19.210
     91.000       8.427      -2.439      -0.298      64.869     207.843     -30.226
     92.000       5.248       6.704       0.497    -165.865     139.539      -4.275
     93.000       7.452       4.208      -0.489    -116.992     182.424      22.634
     94.000       5.424       6.547       0.143    -166.619     138.359     -32.307
     95.000      -6.948      -3.803       0.247      98.463    -192.390       4.105
     96.000       7.473      -4.862       0.019     124.021     181.662       2.157
     97.000      -6.008       4.689       0.224    -154.027    -174.624      -4.593
     98.000       0.143       7.889      -0.099    -232.236      -2.019       0.741
     99.000       8.164       2.518      -1.298     -68.399     200.481      14.902
