# Time in Gyr = 0.930
#        num          x          y           z          vx           vy           vz
      0.000       3.612       7.200       0.000    -200.099      99.685       0.000
      1.000      -4.009      -6.503      -0.060     187.023    -106.287       1.305
      2.000       6.993       4.424      -0.420    -116.129     186.581     -15.625
      3.000      -4.558      -5.698       0.053     176.832    -140.505     -13.281
      4.000       8.505      -0.752       0.038      20.460     217.312      23.418
      5.000      -7.565      -1.451       0.215      31.567    -216.263       4.149
      6.000       3.100       7.534      -0.060    -204.508      85.716      -0.526
      7.000      -2.064       7.782       0.145    -210.688     -58.539      12.226
      8.000       3.028       7.672       0.017    -202.071      84.188     -11.261
      9.000      -5.639      -5.221       0.304     145.873    -152.810      28.228
     10.000      -6.528      -2.798       0.450      95.012    -212.610       2.184
     11.000      -9.199      -2.216      -1.042      58.509    -200.534      37.649
     12.000      -0.633       7.988       0.075    -220.464     -18.604      13.359
     13.000      -5.980       5.019      -0.077    -137.134    -174.500      -5.906
     14.000       7.686       3.240       0.344     -84.023     203.924      -9.193
     15.000       8.075       2.471       0.163     -67.572     208.989       8.364
     16.000      -3.395       6.943      -0.470    -199.034     -99.438      25.022
     17.000       6.441       5.137      -0.006    -146.098     167.998       5.372
     18.000       8.824      -1.235       0.050      23.939     209.103      -0.048
     19.000      -2.819       7.772       0.000    -198.529     -77.315       0.760
     20.000      -6.418       3.751       0.915    -126.671    -186.187       1.381
     21.000      -5.579       5.174       0.099    -157.970    -163.629     -10.315
     22.000       8.049      -2.842       0.538      76.528     205.163      -7.913
     23.000       5.069       6.806       0.296    -158.603     144.223       2.949
     24.000       8.083      -0.760       0.104      39.268     222.122     -42.932
     25.000      -9.265      -0.817       0.057      29.022    -221.698       7.197
     26.000      -6.684       3.675       0.116    -105.015    -198.068      21.969
     27.000       1.418      -8.620       0.066     221.814      33.677     -12.553
     28.000       3.197       7.553       0.586    -199.214      86.324      -1.772
     29.000       8.415       1.411      -0.027     -39.808     212.568     -25.738
     30.000       5.850      -3.385       0.150     116.037     201.401       6.044
     31.000       4.591       7.043      -0.075    -171.720     131.230      -4.131
     32.000      -2.228      -8.503      -0.597     219.942     -40.453       6.195
     33.000       7.954      -2.056       1.049      67.766     211.447     -10.972
     34.000       0.684       7.802      -0.003    -224.384      16.248     -26.328
     35.000       5.058      -7.045       0.065     183.301     126.829      -4.193
     36.000      -7.501      -0.791       0.275      19.190    -221.824     -12.451
     37.000       8.378      -1.609      -0.064      44.407     217.443      -0.637
     38.000      -7.078       2.988      -0.120     -86.472    -207.550      -5.612
     39.000      -7.147       2.741       0.094     -84.195    -208.997      -0.287
     40.000      -6.319       4.200      -0.561    -118.014    -190.465      -4.962
     41.000       2.309      -8.400      -0.046     216.923      56.068     -12.129
     42.000      -4.955      -7.534      -0.551     190.113    -112.045     -10.405
     43.000      -3.838       6.779       0.427    -192.894    -111.773      -6.159
     44.000      -5.975       5.017      -0.262    -129.825    -177.905     -12.430
     45.000      -5.239      -5.279       0.229     158.553    -156.233      -7.061
     46.000       0.938      -7.002       0.374     222.851      33.752      15.863
     47.000       6.156      -1.219      -0.179      53.853     237.382     -27.831
     48.000      -4.089       6.724      -0.020    -189.318    -117.356      -4.676
     49.000       8.364       1.852      -0.151     -55.901     209.149       0.476
     50.000       6.147       5.381       0.464    -150.273     162.803      -5.081
     51.000      -6.741       3.630       0.331     -92.346    -203.827       2.135
     52.000      -5.896       4.967       0.283    -140.130    -173.627      -1.377
     53.000       7.930       2.513      -0.175     -59.546     212.863     -24.997
     54.000      -4.970       5.243      -0.285    -187.589    -147.486      16.767
     55.000       8.382       1.955       0.129     -64.677     203.136      24.605
     56.000       5.846      -5.756       0.425     164.611     159.851     -29.420
     57.000      -6.070       4.445      -0.041    -145.708    -178.388      -0.548
     58.000      -3.425       6.854      -0.278    -205.131    -100.088      14.599
     59.000       7.766      -4.106      -0.024     104.503     189.596       7.953
     60.000       8.082       2.101      -0.412     -50.560     215.918      -7.883
     61.000       6.212      -5.940       0.448     157.103     157.230      -6.293
     62.000      -4.590      -5.797      -0.297     175.385    -136.828       2.155
     63.000      -6.259       4.191      -0.030    -138.142    -183.557      -0.137
     64.000       2.425      -8.361       0.818     212.548      43.459     -37.261
     65.000       8.377       1.439       0.738     -46.233     208.932      -2.273
     66.000       6.885       4.619      -0.046    -131.785     177.186      18.064
     67.000       8.590      -1.463       0.131      34.847     210.943     -22.789
     68.000      -7.400       0.167       0.183       4.872    -228.995       1.539
     69.000       6.500       4.798      -0.805    -143.356     166.768     -22.573
     70.000      -4.321      -6.226       0.006     179.719    -116.998      24.285
     71.000      -5.752      -5.304       0.040     143.867    -154.913       0.553
     72.000      -7.263      -0.269       0.386      14.022    -229.124     -24.417
     73.000       7.201       3.980      -0.474    -113.466     183.945     -40.297
     74.000      -2.449      -8.378       0.298     216.268     -70.649       4.761
     75.000       8.191       0.460      -0.699      -0.377     224.104      -3.487
     76.000      -6.268      -6.635      -0.139     164.650    -145.860      16.508
     77.000       6.706      -4.582       0.187     133.348     192.756      -5.792
     78.000       1.676       7.629       0.477    -219.876      41.490      26.686
     79.000       5.321       6.333      -0.378    -162.347     141.992      31.335
     80.000      -4.134       6.058      -0.021    -203.095    -125.098      -4.991
     81.000      -7.315      -1.075       0.008      38.742    -224.903       0.655
     82.000       7.944       1.420      -0.178     -21.638     229.039      13.580
     83.000      -6.543      -4.220      -0.223     112.332    -179.893     -12.970
     84.000      -0.045       8.319      -0.087    -213.765       1.005       2.857
     85.000      -5.782       4.947       0.106    -140.603    -172.594     -37.248
     86.000      -7.019      -1.774      -0.657      55.365    -220.523       9.188
     87.000      -0.664       8.072      -0.180    -218.232     -18.034      -2.325
     88.000      -6.254       4.337      -0.043    -135.999    -182.855      -0.325
     89.000      -5.580       5.085       0.419    -153.578    -164.036     -31.590
     90.000      -7.487       1.566       0.355     -68.936    -212.154       3.583
     91.000       4.234      -7.458       0.598     196.883     104.286     -18.525
     92.000       8.188       0.871       0.157     -14.131     223.755      23.669
     93.000       8.561      -2.063      -0.621      46.443     205.104     -14.569
     94.000       8.370       0.716       0.706     -14.164     218.778       0.811
     95.000      -7.100       2.678      -0.105     -92.343    -206.161      13.168
     96.000       1.945      -8.532      -0.042     219.514      45.050       1.002
     97.000       0.411       7.486       0.027    -236.296       6.187      14.205
     98.000       6.352       5.221       0.003    -151.447     163.926      -5.611
     99.000       7.819      -3.736      -0.811      90.177     188.279     -43.582
